ph=[
255 156 153
255 193 116
255 231 78
240 255 69
203 255 106
165 255 144
127 255 182
90 255 219
55 255 255
92 217 255
130 179 255
167 142 255
205 104 255
243 66   255
255 80   229
255 118 191
255 156 153];

mph=[
136   83  81
136 102  61
136 123  41
128 136  36
108 136  56
  88 136  76
  67 136  97
  48 136 116
  29 136 136
  49 115 136
  69  95  136
  89  75  136
 109 55  136
 129 35  136
 136 42  122
 136 62  101
 136 83   81];


